
1.000E-03 1.623E+01 
1.500E-03 1.971E+01 
2.000E-03 2.264E+01 
2.500E-03 2.521E+01 
3.000E-03 2.753E+01 
4.000E-03 3.164E+01 
5.000E-03 3.526E+01 
6.000E-03 3.853E+01 
7.000E-03 4.154E+01 
8.000E-03 4.433E+01 
9.000E-03 4.696E+01 
1.000E-02 4.944E+01 
1.250E-02 5.451E+01 
1.500E-02 5.901E+01 
1.750E-02 6.308E+01 
2.000E-02 6.682E+01 
2.250E-02 7.028E+01 
2.500E-02 7.350E+01 
2.750E-02 7.653E+01 
3.000E-02 7.937E+01 
3.500E-02 8.460E+01 
4.000E-02 8.930E+01 
4.500E-02 9.356E+01 
5.000E-02 9.744E+01 
5.500E-02 1.010E+02 
6.000E-02 1.042E+02 
6.500E-02 1.071E+02 
7.000E-02 1.098E+02 
7.500E-02 1.122E+02 
8.000E-02 1.145E+02 
8.500E-02 1.165E+02 
9.000E-02 1.183E+02 
9.500E-02 1.199E+02 
1.000E-01 1.214E+02 
1.250E-01 1.264E+02 
1.500E-01 1.283E+02 
1.750E-01 1.281E+02 
2.000E-01 1.265E+02 
2.250E-01 1.238E+02 
2.500E-01 1.206E+02 
2.750E-01 1.171E+02 
3.000E-01 1.135E+02 
3.500E-01 1.065E+02 
4.000E-01 1.001E+02 
4.500E-01 9.448E+01 
5.000E-01 8.960E+01 
5.500E-01 8.528E+01 
6.000E-01 8.146E+01 
6.500E-01 7.810E+01 
7.000E-01 7.512E+01 
7.500E-01 7.249E+01 
8.000E-01 7.015E+01 
8.500E-01 6.806E+01 
9.000E-01 6.619E+01 
9.500E-01 6.450E+01 
1.000E+00 6.298E+01 
1.250E+00 5.693E+01 
1.500E+00 5.226E+01 
1.750E+00 4.850E+01 
2.000E+00 4.537E+01 
2.250E+00 4.272E+01 
2.500E+00 4.043E+01 
2.750E+00 3.843E+01 
3.000E+00 3.666E+01 
3.500E+00 3.366E+01 
4.000E+00 3.120E+01 
4.500E+00 2.914E+01 
5.000E+00 2.739E+01 
5.500E+00 2.587E+01 
6.000E+00 2.454E+01 
6.500E+00 2.337E+01 
7.000E+00 2.232E+01 
7.500E+00 2.138E+01 
8.000E+00 2.052E+01 
8.500E+00 1.975E+01 
9.000E+00 1.904E+01 
9.500E+00 1.839E+01 
1.000E+01 1.779E+01 
1.250E+01 1.536E+01 
1.500E+01 1.359E+01 
1.750E+01 1.224E+01 
2.000E+01 1.116E+01 
2.500E+01 9.554E+00 
2.750E+01 8.932E+00 
3.000E+01 8.396E+00 
3.500E+01 7.516E+00 
4.000E+01 6.825E+00 
4.500E+01 6.267E+00 
5.000E+01 5.806E+00 
5.500E+01 5.420E+00 
6.000E+01 5.090E+00 
6.500E+01 4.806E+00 
7.000E+01 4.558E+00 
7.500E+01 4.340E+00 
8.000E+01 4.147E+00 
8.500E+01 3.974E+00 
9.000E+01 3.819E+00 
9.500E+01 3.679E+00 
1.000E+02 3.552E+00 
1.250E+02 3.057E+00 
1.500E+02 2.714E+00 
1.750E+02 2.463E+00 
2.000E+02 2.271E+00 
2.250E+02 2.119E+00 
2.500E+02 1.996E+00 
2.750E+02 1.895E+00 
3.000E+02 1.810E+00 
3.500E+02 1.677E+00 
4.000E+02 1.577E+00 
4.500E+02 1.499E+00 
5.000E+02 1.438E+00 
5.500E+02 1.388E+00 
6.000E+02 1.348E+00 
6.500E+02 1.314E+00 
7.000E+02 1.286E+00 
7.500E+02 1.262E+00 
8.000E+02 1.242E+00 
8.500E+02 1.224E+00 
9.000E+02 1.210E+00 
9.500E+02 1.197E+00 
1.000E+03 1.186E+00 
1.500E+03 1.130E+00 
2.000E+03 1.120E+00 
2.500E+03 1.124E+00 
3.000E+03 1.135E+00 
4.000E+03 1.161E+00 
5.000E+03 1.187E+00 
6.000E+03 1.211E+00 
7.000E+03 1.233E+00 
8.000E+03 1.253E+00 
9.000E+03 1.271E+00 
1.000E+04 1.288E+00 

